0 1
0 2
0 3
1 2
1 4
2 5
2 6
3 7
3 8
3 9
4 5
4 10
5 11
5 12
6 13
6 14
6 15
7 8
7 16
8 17
8 18
9 19
9 20
9 21
10 11
10 22
11 23
11 24
12 25
12 26
12 27
13 14
13 28
14 29
14 30
15 31
15 32
15 33
16 17
16 34
17 35
17 36
18 37
18 38
18 39
19 20
19 40
20 41
20 42
21 43
21 44
21 45
22 23
22 46
23 47
23 48
24 49
24 50
24 51
25 26
25 52
26 53
26 54
27 55
27 56
27 57
28 29
28 58
29 59
29 60
30 61
30 62
30 63
31 32
31 64
32 65
32 66
33 67
33 68
33 69
34 35
34 70
35 71
35 72
36 73
36 74
36 75
37 38
37 76
38 77
38 78
39 79
39 80
39 81
40 41
40 82
41 83
41 84
42 85
42 86
42 87
43 44
43 88
44 89
44 90
45 91
45 92
45 93
46 47
46 94
47 95
47 96
48 97
48 98
48 99
49 50
49 100
50 101
50 102
51 103
51 104
51 105
52 53
52 106
53 107
53 108
54 109
54 110
54 111
55 56
55 112
56 113
56 114
57 115
57 116
57 117
58 59
58 118
59 119
59 120
60 121
60 122
60 123
61 62
61 124
62 125
62 126
63 127
63 128
63 129
64 65
64 130
65 131
65 132
66 133
66 134
66 135
67 68
67 136
68 137
68 138
69 139
69 140
69 141
70 71
70 142
71 143
71 144
72 145
72 146
72 147
73 74
73 148
74 149
74 150
75 151
75 152
75 153
76 77
76 154
77 155
77 156
78 157
78 158
78 159
79 80
79 160
80 161
80 162
81 163
81 164
81 165
82 83
82 166
83 167
83 168
84 169
84 170
84 171
85 86
85 172
86 173
86 174
87 175
87 176
87 177
88 89
88 178
89 179
89 180
90 181
90 182
90 183
91 92
91 184
92 185
92 186
93 187
93 188
93 189
94 95
94 190
95 191
95 192
96 193
96 194
96 195
97 98
97 196
98 197
98 198
99 199
99 200
99 201
